11 (2 - 1
121 (3 - 2
1                 3                  2                  3                 1 (5 - 3
1       4         3         5        2        5         4       1  (8 - 4
1   5   4    7    3    8    5    7   2   7    5    9    4   5   1  (15 - 5
1 6 5 7 4 11 7 10 3 11 8 13 5 12 7 9 2 9 7 12 5 14 9 13 4 9 5 6 1  (29 - 6

count_n =(count_n-1)-2+2
 
1                                                                         1  1 - 2       = 2           
1                                    2                                    1  2 - 1= 3 = 2*2 - 1
1                 3                  2                  3                 1  3 - 2= 5 = 3*2 - 1
1       4         3         5        2        5         3         4       1  4 - 2= 9 = 5*2 - 1
1   5   4    7    3    8    5    7   2   7    5    8    3    7    4   5   1  5 - 4= 17= 9*2 - 1 
1 6 5 9 4 11 7 10 3 11 8 13 5 12 7 9 2 9 7 12 5 13 8 11 3 10 7 11 4 9 5 6 1  6 - 2= 33= 17*2- 1


33*2 - 1 = 65

